  6.0000    2    6.000   1.0000          LOSS
 12.0000    0    1.000   1.0000          NULL 
 13.0000    2    6.000   1.0000          LOSS
 19.0000    0    1.500   1.0000          NULL 
 20.5000    1    6.000   1.0000           WIN
 26.5000    0    2.000   1.0000          NULL 
 28.5000    1    6.000   1.0000           WIN
 34.5000    0    1.000   1.0000          NULL 
 35.5000    2    6.000   1.0000          LOSS
 41.5000    0    3.000   1.0000          NULL 
 44.5000    1    6.000   1.0000           WIN
 50.5000    0    0.500   1.0000          NULL 
 51.0000    1    6.000   1.0000           WIN
 57.0000    0    7.000   1.0000          NULL 
 64.0000    1    6.000   1.0000           WIN
 70.0000    0    4.500   1.0000          NULL 
 74.5000    2    6.000   1.0000          LOSS
 80.5000    0    0.500   1.0000          NULL 
 81.0000    2    6.000   1.0000          LOSS
 87.0000    0    2.500   1.0000          NULL 
 89.5000    1    6.000   1.0000           WIN
 95.5000    0    2.500   1.0000          NULL 
 98.0000    2    6.000   1.0000          LOSS
104.0000    0    4.500   1.0000          NULL 
108.5000    2    6.000   1.0000          LOSS
114.5000    0    0.500   1.0000          NULL 
115.0000    1    6.000   1.0000           WIN
121.0000    0    0.500   1.0000          NULL 
121.5000    1    6.000   1.0000           WIN
127.5000    0    2.500   1.0000          NULL 
130.0000    1    6.000   1.0000           WIN
136.0000    0    1.000   1.0000          NULL 
137.0000    2    6.000   1.0000          LOSS
143.0000    0    0.500   1.0000          NULL 
143.5000    1    6.000   1.0000           WIN
149.5000    0    2.000   1.0000          NULL 
151.5000    2    6.000   1.0000          LOSS
157.5000    0    1.000   1.0000          NULL 
158.5000    1    6.000   1.0000           WIN
164.5000    0    3.000   1.0000          NULL 
167.5000    2    6.000   1.0000          LOSS
173.5000    0    1.500   1.0000          NULL 
175.0000    2    6.000   1.0000          LOSS
181.0000    0    1.500   1.0000          NULL 
182.5000    2    6.000   1.0000          LOSS
188.5000    0    2.500   1.0000          NULL 
191.0000    1    6.000   1.0000           WIN
197.0000    0    2.000   1.0000          NULL 
199.0000    1    6.000   1.0000           WIN
205.0000    0    4.000   1.0000          NULL 
209.0000    2    6.000   1.0000          LOSS
215.0000    0    5.000   1.0000          NULL 
