  6.0000    2    6.000   1.0000          LOSS
 12.0000    0    0.500   1.0000          NULL 
 12.5000    2    6.000   1.0000          LOSS
 18.5000    0    6.000   1.0000          NULL 
 24.5000    1    6.000   1.0000           WIN
 30.5000    0    0.500   1.0000          NULL 
 31.0000    2    6.000   1.0000          LOSS
 37.0000    0    0.500   1.0000          NULL 
 37.5000    1    6.000   1.0000           WIN
 43.5000    0    3.000   1.0000          NULL 
 46.5000    2    6.000   1.0000          LOSS
 52.5000    0    0.500   1.0000          NULL 
 53.0000    2    6.000   1.0000          LOSS
 59.0000    0    3.500   1.0000          NULL 
 62.5000    2    6.000   1.0000          LOSS
 68.5000    0    3.000   1.0000          NULL 
 71.5000    1    6.000   1.0000           WIN
 77.5000    0    4.000   1.0000          NULL 
 81.5000    2    6.000   1.0000          LOSS
 87.5000    0    5.500   1.0000          NULL 
 93.0000    2    6.000   1.0000          LOSS
 99.0000    0    1.000   1.0000          NULL 
100.0000    2    6.000   1.0000          LOSS
106.0000    0    1.000   1.0000          NULL 
107.0000    1    6.000   1.0000           WIN
113.0000    0    1.000   1.0000          NULL 
114.0000    1    6.000   1.0000           WIN
120.0000    0    1.000   1.0000          NULL 
121.0000    1    6.000   1.0000           WIN
127.0000    0    1.000   1.0000          NULL 
128.0000    2    6.000   1.0000          LOSS
134.0000    0    4.000   1.0000          NULL 
138.0000    1    6.000   1.0000           WIN
144.0000    0    0.500   1.0000          NULL 
144.5000    1    6.000   1.0000           WIN
150.5000    0    1.000   1.0000          NULL 
151.5000    2    6.000   1.0000          LOSS
157.5000    0    1.000   1.0000          NULL 
158.5000    1    6.000   1.0000           WIN
164.5000    0    3.000   1.0000          NULL 
167.5000    2    6.000   1.0000          LOSS
173.5000    0    1.000   1.0000          NULL 
174.5000    2    6.000   1.0000          LOSS
180.5000    0    3.500   1.0000          NULL 
184.0000    1    6.000   1.0000           WIN
190.0000    0    2.500   1.0000          NULL 
192.5000    1    6.000   1.0000           WIN
198.5000    0    1.000   1.0000          NULL 
199.5000    1    6.000   1.0000           WIN
205.5000    0    4.500   1.0000          NULL 
210.0000    1    6.000   1.0000           WIN
216.0000    0    4.000   1.0000          NULL 
