  6.0000    2    6.000   1.0000          LOSS
 12.0000    0    2.000   1.0000          NULL 
 14.0000    1    6.000   1.0000           WIN
 20.0000    0    0.500   1.0000          NULL 
 20.5000    2    6.000   1.0000          LOSS
 26.5000    0    1.000   1.0000          NULL 
 27.5000    2    6.000   1.0000          LOSS
 33.5000    0    1.500   1.0000          NULL 
 35.0000    2    6.000   1.0000          LOSS
 41.0000    0    2.000   1.0000          NULL 
 43.0000    1    6.000   1.0000           WIN
 49.0000    0    2.500   1.0000          NULL 
 51.5000    1    6.000   1.0000           WIN
 57.5000    0    1.500   1.0000          NULL 
 59.0000    1    6.000   1.0000           WIN
 65.0000    0    2.500   1.0000          NULL 
 67.5000    2    6.000   1.0000          LOSS
 73.5000    0    1.500   1.0000          NULL 
 75.0000    2    6.000   1.0000          LOSS
 81.0000    0    1.000   1.0000          NULL 
 82.0000    1    6.000   1.0000           WIN
 88.0000    0    4.000   1.0000          NULL 
 92.0000    2    6.000   1.0000          LOSS
 98.0000    0    5.500   1.0000          NULL 
103.5000    1    6.000   1.0000           WIN
109.5000    0    1.000   1.0000          NULL 
110.5000    2    6.000   1.0000          LOSS
116.5000    0    1.500   1.0000          NULL 
118.0000    1    6.000   1.0000           WIN
124.0000    0    2.000   1.0000          NULL 
126.0000    2    6.000   1.0000          LOSS
132.0000    0    2.000   1.0000          NULL 
134.0000    2    6.000   1.0000          LOSS
140.0000    0    0.500   1.0000          NULL 
140.5000    1    6.000   1.0000           WIN
146.5000    0    1.000   1.0000          NULL 
147.5000    2    6.000   1.0000          LOSS
153.5000    0    1.500   1.0000          NULL 
155.0000    1    6.000   1.0000           WIN
161.0000    0    1.000   1.0000          NULL 
162.0000    1    6.000   1.0000           WIN
168.0000    0    0.500   1.0000          NULL 
168.5000    1    6.000   1.0000           WIN
174.5000    0    2.000   1.0000          NULL 
176.5000    1    6.000   1.0000           WIN
182.5000    0    0.500   1.0000          NULL 
183.0000    2    6.000   1.0000          LOSS
189.0000    0    6.500   1.0000          NULL 
195.5000    2    6.000   1.0000          LOSS
201.5000    0    6.000   1.0000          NULL 
207.5000    1    6.000   1.0000           WIN
213.5000    0    6.500   1.0000          NULL 
