  6.0000    1    6.000   1.0000           WIN
 12.0000    0    1.500   1.0000          NULL 
 13.5000    1    6.000   1.0000           WIN
 19.5000    0    3.000   1.0000          NULL 
 22.5000    2    6.000   1.0000          LOSS
 28.5000    0    1.500   1.0000          NULL 
 30.0000    1    6.000   1.0000           WIN
 36.0000    0    4.000   1.0000          NULL 
 40.0000    1    6.000   1.0000           WIN
 46.0000    0    1.500   1.0000          NULL 
 47.5000    2    6.000   1.0000          LOSS
 53.5000    0    2.500   1.0000          NULL 
 56.0000    1    6.000   1.0000           WIN
 62.0000    0    2.000   1.0000          NULL 
 64.0000    2    6.000   1.0000          LOSS
 70.0000    0    2.500   1.0000          NULL 
 72.5000    2    6.000   1.0000          LOSS
 78.5000    0    2.000   1.0000          NULL 
 80.5000    2    6.000   1.0000          LOSS
 86.5000    0    2.000   1.0000          NULL 
 88.5000    2    6.000   1.0000          LOSS
 94.5000    0    3.500   1.0000          NULL 
 98.0000    2    6.000   1.0000          LOSS
104.0000    0    2.500   1.0000          NULL 
106.5000    2    6.000   1.0000          LOSS
112.5000    0    3.000   1.0000          NULL 
115.5000    1    6.000   1.0000           WIN
121.5000    0    2.000   1.0000          NULL 
123.5000    2    6.000   1.0000          LOSS
129.5000    0    1.500   1.0000          NULL 
131.0000    1    6.000   1.0000           WIN
137.0000    0    2.000   1.0000          NULL 
139.0000    1    6.000   1.0000           WIN
145.0000    0    2.000   1.0000          NULL 
147.0000    1    6.000   1.0000           WIN
153.0000    0    2.000   1.0000          NULL 
155.0000    1    6.000   1.0000           WIN
161.0000    0    2.000   1.0000          NULL 
163.0000    1    6.000   1.0000           WIN
169.0000    0    2.000   1.0000          NULL 
171.0000    2    6.000   1.0000          LOSS
177.0000    0    1.500   1.0000          NULL 
178.5000    2    6.000   1.0000          LOSS
184.5000    0    2.000   1.0000          NULL 
186.5000    1    6.000   1.0000           WIN
192.5000    0    2.000   1.0000          NULL 
194.5000    2    6.000   1.0000          LOSS
200.5000    0    1.500   1.0000          NULL 
202.0000    2    6.000   1.0000          LOSS
208.0000    0    1.500   1.0000          NULL 
209.5000    1    6.000   1.0000           WIN
215.5000    0    4.500   1.0000          NULL 
