  6.0000    1    6.000   1.0000           WIN
 12.0000    0    1.500   1.0000          NULL 
 13.5000    1    6.000   1.0000           WIN
 19.5000    0    1.500   1.0000          NULL 
 21.0000    1    6.000   1.0000           WIN
 27.0000    0    4.000   1.0000          NULL 
 31.0000    2    6.000   1.0000          LOSS
 37.0000    0    2.000   1.0000          NULL 
 39.0000    2    6.000   1.0000          LOSS
 45.0000    0    1.500   1.0000          NULL 
 46.5000    1    6.000   1.0000           WIN
 52.5000    0    1.500   1.0000          NULL 
 54.0000    2    6.000   1.0000          LOSS
 60.0000    0    1.500   1.0000          NULL 
 61.5000    1    6.000   1.0000           WIN
 67.5000    0    2.000   1.0000          NULL 
 69.5000    2    6.000   1.0000          LOSS
 75.5000    0    1.500   1.0000          NULL 
 77.0000    1    6.000   1.0000           WIN
 83.0000    0    2.500   1.0000          NULL 
 85.5000    2    6.000   1.0000          LOSS
 91.5000    0    2.000   1.0000          NULL 
 93.5000    2    6.000   1.0000          LOSS
 99.5000    0    3.000   1.0000          NULL 
102.5000    2    6.000   1.0000          LOSS
108.5000    0    1.500   1.0000          NULL 
110.0000    1    6.000   1.0000           WIN
116.0000    0    5.000   1.0000          NULL 
121.0000    1    6.000   1.0000           WIN
127.0000    0    1.500   1.0000          NULL 
128.5000    1    6.000   1.0000           WIN
134.5000    0    1.500   1.0000          NULL 
136.0000    1    6.000   1.0000           WIN
142.0000    0    2.000   1.0000          NULL 
144.0000    2    6.000   1.0000          LOSS
150.0000    0    1.500   1.0000          NULL 
151.5000    2    6.000   1.0000          LOSS
157.5000    0    1.500   1.0000          NULL 
159.0000    2    6.000   1.0000          LOSS
165.0000    0    1.500   1.0000          NULL 
166.5000    2    6.000   1.0000          LOSS
172.5000    0    2.500   1.0000          NULL 
175.0000    1    6.000   1.0000           WIN
181.0000    0    1.500   1.0000          NULL 
182.5000    2    6.000   1.0000          LOSS
188.5000    0    1.500   1.0000          NULL 
190.0000    2    6.000   1.0000          LOSS
196.0000    0    3.500   1.0000          NULL 
199.5000    1    6.000   1.0000           WIN
205.5000    0    2.000   1.0000          NULL 
207.5000    1    6.000   1.0000           WIN
213.5000    0    6.500   1.0000          NULL 
