  6.0000    1    6.000   1.0000           WIN
 12.0000    0    1.500   1.0000          NULL 
 13.5000    2    6.000   1.0000          LOSS
 19.5000    0    1.500   1.0000          NULL 
 21.0000    2    6.000   1.0000          LOSS
 27.0000    0    1.500   1.0000          NULL 
 28.5000    2    6.000   1.0000          LOSS
 34.5000    0    3.500   1.0000          NULL 
 38.0000    2    6.000   1.0000          LOSS
 44.0000    0    1.500   1.0000          NULL 
 45.5000    1    6.000   1.0000           WIN
 51.5000    0    1.500   1.0000          NULL 
 53.0000    1    6.000   1.0000           WIN
 59.0000    0    1.500   1.0000          NULL 
 60.5000    1    6.000   1.0000           WIN
 66.5000    0    1.500   1.0000          NULL 
 68.0000    1    6.000   1.0000           WIN
 74.0000    0    1.500   1.0000          NULL 
 75.5000    1    6.000   1.0000           WIN
 81.5000    0    1.500   1.0000          NULL 
 83.0000    1    6.000   1.0000           WIN
 89.0000    0    1.500   1.0000          NULL 
 90.5000    2    6.000   1.0000          LOSS
 96.5000    0    1.500   1.0000          NULL 
 98.0000    2    6.000   1.0000          LOSS
104.0000    0    1.500   1.0000          NULL 
105.5000    1    6.000   1.0000           WIN
111.5000    0    1.500   1.0000          NULL 
113.0000    2    6.000   1.0000          LOSS
119.0000    0    1.500   1.0000          NULL 
120.5000    2    6.000   1.0000          LOSS
126.5000    0    1.500   1.0000          NULL 
128.0000    1    6.000   1.0000           WIN
134.0000    0    4.500   1.0000          NULL 
138.5000    1    6.000   1.0000           WIN
144.5000    0    1.500   1.0000          NULL 
146.0000    2    6.000   1.0000          LOSS
152.0000    0    1.500   1.0000          NULL 
153.5000    2    6.000   1.0000          LOSS
159.5000    0    3.500   1.0000          NULL 
163.0000    2    6.000   1.0000          LOSS
169.0000    0    2.000   1.0000          NULL 
171.0000    1    6.000   1.0000           WIN
177.0000    0    4.500   1.0000          NULL 
181.5000    1    6.000   1.0000           WIN
187.5000    0    3.500   1.0000          NULL 
191.0000    2    6.000   1.0000          LOSS
197.0000    0    1.500   1.0000          NULL 
198.5000    2    6.000   1.0000          LOSS
204.5000    0    2.000   1.0000          NULL 
206.5000    1    6.000   1.0000           WIN
212.5000    0    7.500   1.0000          NULL 
