  6.0000    2    6.000   1.0000          LOSS
 12.0000    0    4.000   1.0000          NULL 
 16.0000    1    6.000   1.0000           WIN
 22.0000    0    1.500   1.0000          NULL 
 23.5000    2    6.000   1.0000          LOSS
 29.5000    0    1.500   1.0000          NULL 
 31.0000    1    6.000   1.0000           WIN
 37.0000    0    1.500   1.0000          NULL 
 38.5000    2    6.000   1.0000          LOSS
 44.5000    0    3.000   1.0000          NULL 
 47.5000    1    6.000   1.0000           WIN
 53.5000    0    1.500   1.0000          NULL 
 55.0000    2    6.000   1.0000          LOSS
 61.0000    0    1.500   1.0000          NULL 
 62.5000    2    6.000   1.0000          LOSS
 68.5000    0    1.500   1.0000          NULL 
 70.0000    1    6.000   1.0000           WIN
 76.0000    0    2.000   1.0000          NULL 
 78.0000    2    6.000   1.0000          LOSS
 84.0000    0    4.000   1.0000          NULL 
 88.0000    1    6.000   1.0000           WIN
 94.0000    0    2.500   1.0000          NULL 
 96.5000    2    6.000   1.0000          LOSS
102.5000    0    1.500   1.0000          NULL 
104.0000    1    6.000   1.0000           WIN
110.0000    0    3.500   1.0000          NULL 
113.5000    2    6.000   1.0000          LOSS
119.5000    0    1.500   1.0000          NULL 
121.0000    2    6.000   1.0000          LOSS
127.0000    0    1.500   1.0000          NULL 
128.5000    1    6.000   1.0000           WIN
134.5000    0    2.000   1.0000          NULL 
136.5000    2    6.000   1.0000          LOSS
142.5000    0    2.000   1.0000          NULL 
144.5000    2    6.000   1.0000          LOSS
150.5000    0    2.000   1.0000          NULL 
152.5000    2    6.000   1.0000          LOSS
158.5000    0    1.500   1.0000          NULL 
160.0000    1    6.000   1.0000           WIN
166.0000    0    1.500   1.0000          NULL 
167.5000    1    6.000   1.0000           WIN
173.5000    0    1.500   1.0000          NULL 
175.0000    1    6.000   1.0000           WIN
181.0000    0    1.500   1.0000          NULL 
182.5000    1    6.000   1.0000           WIN
188.5000    0    1.500   1.0000          NULL 
190.0000    2    6.000   1.0000          LOSS
196.0000    0    2.000   1.0000          NULL 
198.0000    1    6.000   1.0000           WIN
204.0000    0    4.500   1.0000          NULL 
208.5000    1    6.000   1.0000           WIN
214.5000    0    5.500   1.0000          NULL 
