  6.0000    1    6.000   1.0000           WIN
 12.0000    0    2.500   1.0000          NULL 
 14.5000    2    6.000   1.0000          LOSS
 20.5000    0    1.500   1.0000          NULL 
 22.0000    2    6.000   1.0000          LOSS
 28.0000    0    1.500   1.0000          NULL 
 29.5000    1    6.000   1.0000           WIN
 35.5000    0    1.500   1.0000          NULL 
 37.0000    2    6.000   1.0000          LOSS
 43.0000    0    1.500   1.0000          NULL 
 44.5000    2    6.000   1.0000          LOSS
 50.5000    0    2.000   1.0000          NULL 
 52.5000    2    6.000   1.0000          LOSS
 58.5000    0    1.500   1.0000          NULL 
 60.0000    1    6.000   1.0000           WIN
 66.0000    0    1.500   1.0000          NULL 
 67.5000    1    6.000   1.0000           WIN
 73.5000    0    1.500   1.0000          NULL 
 75.0000    1    6.000   1.0000           WIN
 81.0000    0    1.500   1.0000          NULL 
 82.5000    1    6.000   1.0000           WIN
 88.5000    0    2.000   1.0000          NULL 
 90.5000    2    6.000   1.0000          LOSS
 96.5000    0    1.500   1.0000          NULL 
 98.0000    1    6.000   1.0000           WIN
104.0000    0    1.500   1.0000          NULL 
105.5000    2    6.000   1.0000          LOSS
111.5000    0    2.500   1.0000          NULL 
114.0000    1    6.000   1.0000           WIN
120.0000    0    4.000   1.0000          NULL 
124.0000    2    6.000   1.0000          LOSS
130.0000    0    3.000   1.0000          NULL 
133.0000    2    6.000   1.0000          LOSS
139.0000    0    1.500   1.0000          NULL 
140.5000    1    6.000   1.0000           WIN
146.5000    0    1.500   1.0000          NULL 
148.0000    1    6.000   1.0000           WIN
154.0000    0    3.500   1.0000          NULL 
157.5000    2    6.000   1.0000          LOSS
163.5000    0    1.500   1.0000          NULL 
165.0000    1    6.000   1.0000           WIN
171.0000    0    1.500   1.0000          NULL 
172.5000    2    6.000   1.0000          LOSS
178.5000    0    2.500   1.0000          NULL 
181.0000    1    6.000   1.0000           WIN
187.0000    0    5.000   1.0000          NULL 
192.0000    2    6.000   1.0000          LOSS
198.0000    0    2.000   1.0000          NULL 
200.0000    2    6.000   1.0000          LOSS
206.0000    0    2.000   1.0000          NULL 
208.0000    1    6.000   1.0000           WIN
214.0000    0    6.000   1.0000          NULL 
