  6.0000    2    6.000   1.0000          LOSS
 12.0000    0    1.500   1.0000          NULL 
 13.5000    1    6.000   1.0000           WIN
 19.5000    0    1.500   1.0000          NULL 
 21.0000    1    6.000   1.0000           WIN
 27.0000    0    3.000   1.0000          NULL 
 30.0000    2    6.000   1.0000          LOSS
 36.0000    0    1.500   1.0000          NULL 
 37.5000    1    6.000   1.0000           WIN
 43.5000    0    3.500   1.0000          NULL 
 47.0000    2    6.000   1.0000          LOSS
 53.0000    0    2.000   1.0000          NULL 
 55.0000    2    6.000   1.0000          LOSS
 61.0000    0    1.500   1.0000          NULL 
 62.5000    2    6.000   1.0000          LOSS
 68.5000    0    2.000   1.0000          NULL 
 70.5000    1    6.000   1.0000           WIN
 76.5000    0    2.000   1.0000          NULL 
 78.5000    2    6.000   1.0000          LOSS
 84.5000    0    1.500   1.0000          NULL 
 86.0000    1    6.000   1.0000           WIN
 92.0000    0    1.500   1.0000          NULL 
 93.5000    2    6.000   1.0000          LOSS
 99.5000    0    1.500   1.0000          NULL 
101.0000    1    6.000   1.0000           WIN
107.0000    0    1.500   1.0000          NULL 
108.5000    1    6.000   1.0000           WIN
114.5000    0    1.500   1.0000          NULL 
116.0000    1    6.000   1.0000           WIN
122.0000    0    1.500   1.0000          NULL 
123.5000    2    6.000   1.0000          LOSS
129.5000    0    3.000   1.0000          NULL 
132.5000    1    6.000   1.0000           WIN
138.5000    0    3.500   1.0000          NULL 
142.0000    2    6.000   1.0000          LOSS
148.0000    0    1.500   1.0000          NULL 
149.5000    2    6.000   1.0000          LOSS
155.5000    0    1.500   1.0000          NULL 
157.0000    2    6.000   1.0000          LOSS
163.0000    0    3.000   1.0000          NULL 
166.0000    2    6.000   1.0000          LOSS
172.0000    0    1.500   1.0000          NULL 
173.5000    1    6.000   1.0000           WIN
179.5000    0    3.000   1.0000          NULL 
182.5000    1    6.000   1.0000           WIN
188.5000    0    2.500   1.0000          NULL 
191.0000    2    6.000   1.0000          LOSS
197.0000    0    1.500   1.0000          NULL 
198.5000    1    6.000   1.0000           WIN
204.5000    0    3.500   1.0000          NULL 
208.0000    1    6.000   1.0000           WIN
214.0000    0    6.000   1.0000          NULL 
